 -0.9064
   1.467
 -0.1174
   2.426
   1.124
 -0.2629
  0.6152
   0.365
 -0.1275
 -0.6441
-0.09788
  -1.425
  0.8082
  -0.544
 -0.3984
  0.5335
  0.2905
  -1.465
  0.3823
 -0.4462
  0.9014
  0.7696
  -1.489
  0.1374
  -1.956
 0.03335
   1.296
 -0.6159
   2.044
   1.236
   1.028
  -1.178
  0.0208
   0.474
   1.176
  0.2214
  0.2948
  0.8144
   1.514
   1.372
  -1.341
   1.011
 -0.8537
  -1.109
 -0.4703
  -1.182
-0.08597
 -0.3302
  0.1437
  0.1209
   1.053
  0.9002
 -0.5022
  0.6158
  -1.122
  -1.058
  0.3101
 -0.5381
   1.554
  0.3185
 -0.3345
 -0.4369
  0.3907
   -1.23
  0.7067
  -0.313
  -2.207
 -0.1509
   1.624
  -1.075
  0.8998
 -0.6514
   2.113
  0.6554
 -0.3734
   1.753
  -1.558
   2.355
 -0.6009
 -0.2897
   1.223
 -0.1433
 -0.8206
   1.267
 -0.8343
 -0.2065
   1.833
  0.4473
    1.41
 -0.6667
   1.101
  0.1702
   1.997
  -1.127
  0.2845
 -0.7548
-0.06821
 -0.7131
 -0.1487
  -1.035
  -2.072
 -0.1402
  0.1116
  -0.462
 0.04534
  0.3259
  -1.725
 -0.1169
  0.3486
 -0.8828
 -0.9106
  0.4627
  -2.758
  -2.348
   0.262
 -0.3833
  -1.622
  -0.296
  0.9943
  0.9269
  -1.462
  0.5184
  0.7608
 0.06565
 -0.1382
  0.7345
  0.4468
  0.8367
   1.058
  0.2055
  0.2085
  -0.145
 -0.5101
    1.04
   -1.46
  -1.008
 -0.4198
  0.6049
 -0.5023
 -0.5812
 -0.4578
  -0.291
  -1.096
   1.771
-0.05073
  0.8316
 -0.7855
 -0.1224
 -0.4655
 -0.4488
  0.6963
 -0.3656
  0.3839
  0.5911
  0.6854
   -0.89
 -0.8096
   1.601
  -1.511
  0.5511
 -0.3849
  -0.811
   1.255
 -0.2601
 0.03096
  -1.659
 -0.8414
   1.517
  0.1983
 -0.4961
  0.7046
  -1.802
  -1.571
   1.291
  0.9911
   1.413
 0.02353
 -0.1858
 -0.6541
   1.203
    0.73
 -0.6921
  -0.652
 -0.7815
  0.1132
 -0.1725
 -0.4811
-0.03528
  0.7218
   1.746
 -0.9478
 -0.2426
  -1.304
-0.001477
 -0.1662
   1.598
   1.912
    2.18
 -0.4317
  -1.456
  0.2957
  -1.767
  0.5036
   1.354
  0.5567
 -0.5164
  -0.245
 -0.2734
  0.5252
  -1.723
  -1.372
 -0.6542
 -0.5322
  0.6579
 -0.4063
  0.3399
  0.3102
  -1.613
  0.8047
  0.4133
   1.373
 -0.9333
   1.846
 -0.9073
  0.3297
  0.2793
   -1.29
   1.317
   1.899
  -1.353
  0.4196
  -1.099
  -1.202
  0.2939
   1.876
 -0.0688
  0.1516
  0.4727
  -1.331
  0.5484
  -2.381
   1.618
   1.141
  0.7175
 -0.9168
 -0.2156
 -0.8049
  0.3527
-0.06145
 -0.2042
  0.6528
  -1.656
  -1.461
 0.07644
  -1.923
  -0.218
 -0.1241
 -0.4103
 -0.9495
   1.935
   2.306
  -1.255
  -1.407
 0.04601
  -1.064
  0.4985
 -0.9287
  0.2964
  0.8254
   1.703
  0.4474
  -1.762
  0.1549
 -0.7555
  0.3956
   2.511
  0.4584
 -0.1876
 -0.6192
  0.3646
  -0.494
 -0.3451
  0.8422
  0.6122
  0.8721
 -0.7423
 -0.2602
 0.09642
-0.005736
   1.247
  0.8324
   0.227
 -0.5147
 -0.1617
  -1.716
 -0.7061
  0.6054
   1.847
  0.6449
 -0.8032
-0.002759
  0.2793
  0.4268
 -0.6748
  -1.152
   1.672
  0.5256
  0.9991
 -0.1386
 -0.3828
 0.07606
  0.6892
  0.3086
 0.09781
  -1.352
-0.09153
   1.274
  -1.634
  -2.138
 -0.9406
  0.7578
  0.6581
  0.9953
  0.7367
 -0.7539
   0.108
  -1.037
  0.3781
  -1.025
  -1.109
   -0.83
   1.484
  0.7185
   -1.42
   1.529
  -1.431
-0.09689
 -0.5153
   -1.91
 -0.1809
 -0.5378
 -0.9913
   0.757
  0.6269
  0.3517
 -0.8162
-0.01144
 -0.8308
   0.166
  0.2778
  -0.185
  -0.187
   0.752
  0.2887
  0.7869
  0.6283
 0.04928
  -1.864
  0.3644
 0.03685
   1.236
  0.6865
  0.2761
-0.02372
  0.7798
 -0.8765
  -1.419
  -2.452
 -0.9596
   1.081
  0.5765
  0.6869
  -1.607
   -0.93
  -1.308
   1.002
  -1.009
  -1.034
   2.264
  0.6509
 -0.9486
  0.0967
  0.9123
 -0.7232
  0.4969
 -0.1165
   1.571
   1.546
  0.5563
 -0.3222
  0.8049
   0.933
  -1.792
 -0.4999
-0.04621
  0.7556
  -1.669
-0.07585
   1.307
  -1.667
  0.9249
  -2.268
   0.489
 -0.0385
   0.891
  -0.945
   0.309
  0.8367
 -0.7752
 -0.7313
   2.156
  0.4437
  -1.895
    1.01
  -1.149
  0.8026
 -0.2414
  -1.649
 -0.6268
  0.7728
  0.6949
  -0.199
-0.05494
   0.748
-0.04409
  0.6785
  0.5595
 -0.1128
  -1.031
  -1.209
  -1.327
  -2.129
   1.087
   1.037
  -1.485
   1.315
  -0.338
  0.1345
  -1.456
  0.8528
 -0.2781
   1.998
   1.182
  0.4806
  0.1287
 -0.1969
  0.4826
 -0.5695
    1.17
 -0.2864
   0.603
  0.1877
   0.415
  0.1318
 -0.2497
 0.08201
  -0.482
 -0.5981
 0.06544
 -0.6771
 -0.8681
 -0.9159
 -0.2427
   1.973
  -1.585
   -1.12
   1.892
   1.504
 -0.1802
   -1.03
   -0.51
 -0.8591
  0.6636
 -0.9187
   1.009
 -0.3963
-0.06403
   1.645
  -1.623
  0.5458
  0.3919
  -1.142
  0.4839
  -0.869
   1.389
  -1.641
  0.3319
  0.5376
 -0.4822
  -1.655
 -0.3523
 -0.3651
  0.5307
 -0.3618
   0.159
  0.9193
  0.6224
  0.8382
  -1.058
  -1.265
 -0.6092
  -1.018
  0.0609
 -0.9182
 -0.4191
  -1.086
   1.138
  -1.581
 -0.2185
 -0.0966
  0.2915
  0.6641
 -0.2477
  -0.456
  0.7508
   1.441
 -0.0251
  0.5933
  0.9759
   2.511
  0.7696
 -0.4068
 0.0001164
  0.9552
 -0.4498
  0.3314
 -0.1176
  0.5381
 -0.7488
 0.03867
  0.4259
  0.5544
-0.05731
  -1.853
  -2.086
  0.6165
 -0.9764
  0.6474
  -1.896
 0.04476
 -0.2174
 -0.5235
  -0.304
   1.676
  -0.372
 -0.3924
  -1.568
 -0.8021
 -0.4576
  -2.114
  -2.466
 -0.3811
   1.113
 -0.4203
 -0.3186
 -0.2954
   1.222
    -1.3
 -0.1641
  0.6374
  -1.305
  0.2681
 -0.1777
  0.5526
 -0.8555
 -0.9453
  0.2823
  -1.153
 -0.7352
   2.651
   1.913
 -0.2199
   0.442
 -0.7188
-0.08292
 -0.1517
   1.839
  0.3788
  -2.001
 -0.3603
   1.808
   1.437
 -0.7864
   2.082
  0.7182
 -0.1245
-0.03731
-0.05924
  0.2404
  0.9074
  -1.115
   1.249
  0.1495
  -1.011
   2.716
    1.08
 -0.7768
 -0.2096
   1.518
  0.5619
  -0.295
  -1.422
  0.3812
 -0.7226
 -0.3468
  -2.552
 -0.2786
   1.165
-0.03387
 -0.7984
 -0.4115
  -0.727
  -1.678
-0.008551
 0.01481
  -1.232
 -0.4679
   -1.65
  0.9547
   2.015
 -0.1059
   1.166
   1.378
   1.046
   1.197
 -0.8226
 -0.7979
  -1.137
  -2.128
  -2.291
 -0.4775
  0.3196
   1.246
   1.229
  0.3812
   1.752
   1.753
 -0.1104
   1.585
-0.08672
  0.6469
 -0.3409
  -2.493
   0.539
  -0.985
  0.1225
  -2.094
 0.02429
   1.433
 -0.3647
   1.629
   2.357
  0.1666
  0.9768
  0.3983
  -2.101
  -2.907
  -1.581
  -1.981
  -1.755
  -1.382
 -0.6492
  -1.888
  0.1019
   2.218
  0.6463
   1.013
   1.552
     2.1
   2.989
 -0.6822
  0.1123
   1.247
  -1.366
-0.07786
 -0.8916
 -0.9333
 -0.3878
 -0.1186
 -0.4723
     1.1
   2.282
   2.208
   1.617
   1.978
   2.038
 -0.8214
  -0.442
 -0.7313
 -0.6543
  -1.745
   -3.28
 -0.7474
  0.4322
   1.209
  0.9195
 -0.2759
   1.518
   1.583
   1.198
 -0.3145
  -0.316
 -0.1253
  -1.109
  -0.287
  -1.426
 -0.9516
 -0.8545
 -0.5766
  0.2336
 -0.6271
  -1.167
 -0.2844
   1.937
  0.3415
   1.985
   0.463
   0.958
  0.1426
  0.7225
  -2.223
  0.6786
 0.06881
  0.1365
  -2.559
  -0.772
  -1.694
 -0.2956
  0.2965
   1.057
   1.855
  0.2672
  0.4951
 -0.9978
-0.07313
 0.07516
   0.532
  0.6038
 -0.3085
 -0.3827
  -2.849
 -0.9949
  0.7702
  -2.757
-0.04881
  0.8589
 -0.2531
  -1.288
-0.09143
  -1.783
   0.244
 -0.7131
  0.7875
  -2.161
  0.1123
  0.7113
  0.8091
 -0.4884
  0.3461
  0.7674
   1.462
  0.4884
 -0.5013
  0.8144
   1.196
  -1.237
 -0.1291
 -0.5709
  0.4304
   1.358
  0.8299
 -0.7215
 -0.1711
   1.648
   1.472
  0.1675
   1.166
-0.04768
  0.2021
  0.2299
  -1.854
 -0.8572
  0.7092
 0.06044
 -0.3485
   -1.05
 -0.2935
 -0.4531
 -0.4753
 0.04144
  0.4842
  -1.797
  0.9836
   1.267
  -1.192
 -0.7775
-0.06185
   2.367
 -0.8172
-0.006279
   1.608
 -0.3626
  0.2737
 -0.3098
 -0.8655
 0.01738
  -1.067
 -0.7169
   0.721
 0.06741
-0.03606
  -1.218
  0.6517
  0.4095
   0.346
  0.9304
  0.4014
  -1.893
  0.7555
   1.642
  -1.055
   2.527
  -0.729
 -0.6348
  0.3848
  0.8515
  -1.123
   1.321
   1.987
  0.8646
  0.5542
 -0.2438
  0.7353
  -1.182
 -0.7286
 -0.2882
   0.733
     0.4
 -0.9035
-0.01138
  -1.352
   1.553
  -1.455
 -0.9463
 0.08727
  0.1615
  0.8683
-0.01076
  0.4098
-0.07372
   1.673
  0.4843
  -1.075
   1.483
  0.1285
 0.01669
  0.8157
 0.02475
  -1.915
  0.2681
 -0.1486
  0.2637
   1.345
   1.265
  0.8799
  0.3813
 -0.3294
  0.8229
 -0.6436
 -0.6437
    1.06
-0.09249
   1.015
 -0.2404
 -0.5243
  0.1024
 -0.1092
  -1.841
 0.04396
  0.6431
-0.09352
  -1.014
 -0.4198
  -1.682
   1.344
  0.1263
-0.01642
  -1.781
   -1.77
 -0.5017
 -0.1505
   1.038
  0.2155
 -0.8292
-0.04854
 -0.2843
 0.03276
   0.597
  -1.911
   2.217
    3.02
  -1.922
     1.4
 -0.2415
 -0.8634
 -0.5965
 -0.1927
 -0.2892
 -0.8766
    1.85
  0.4961
   1.785
  -2.071
  0.4257
 0.09412
 -0.6384
 -0.4094
  0.1126
-0.05151
 -0.5128
   2.377
  0.5296
 -0.0598
  0.1076
 -0.1348
  -2.445
 -0.4755
 -0.1559
 -0.2863
 -0.2851
   1.624
  -2.126
 -0.1398
   1.361
  0.7052
  -0.181
  0.1448
   1.766
 -0.3324
   0.685
  -0.219
  -2.569
 -0.4643
  0.4016
  0.0881
 -0.5228
    1.81
   2.019
 -0.2346
  -1.234
   -1.13
   3.137
  0.5617
   0.584
  -2.337
 -0.8452
   1.373
   1.583
 -0.3268
   0.383
   1.876
  0.1458
   1.131
  0.5217
 -0.8813
   1.405
  0.5583
   1.048
    1.81
  0.5168
 -0.2484
  0.3486
   0.629
   -1.86
  0.6479
  0.3027
   1.244
  -1.905
  0.7678
 0.08271
   1.007
  0.2553
 -0.8471
    1.07
  0.2145
  0.6768
  -2.343
  -1.597
  0.3023
 -0.9324
 -0.7107
 -0.3966
 -0.8913
 -0.6376
 -0.5741
   1.232
  0.1165
  0.4881
 -0.4007
  0.3805
