 -0.1172
 -0.1434
   1.605
  -2.704
 -0.8707
 0.02165
 -0.1833
  -1.236
  0.2504
   1.271
  -2.799
 -0.1915
  -2.779
   1.184
   1.493
  0.4848
   0.981
     0.3
 0.04283
  0.1323
  -0.856
  0.8254
 -0.8116
 -0.6748
-0.05972
   1.743
  0.7245
  -0.174
 -0.8942
  -1.112
  0.5048
  0.8337
   1.006
 0.07365
   0.918
  -1.759
  -0.156
 0.05479
   1.981
  -1.394
  0.6511
     1.1
  -0.622
  0.6058
  -1.407
   1.141
  0.4018
 0.06716
  0.7586
  -0.936
  0.7744
 -0.3768
   1.015
-0.06253
  0.2604
  0.1594
 -0.2891
-0.02834
   1.609
  0.1934
 -0.8741
  0.3628
 -0.9536
   1.628
  -1.037
 -0.7994
 0.02546
   1.273
  -1.331
  0.1509
  -0.114
   1.277
  0.3522
  0.7629
  0.6818
  0.1697
   2.376
  -1.231
   0.823
  0.2801
     1.7
   1.726
  0.3529
 -0.2502
  0.8752
 -0.6627
  0.6663
 -0.5072
  -0.923
 -0.6302
  0.5849
   1.533
   0.737
  0.1389
  -1.026
  0.8071
  -1.209
  -1.129
  -1.443
-0.01777
 0.08365
  0.7429
-0.08615
  0.7433
  0.2079
  -2.401
   1.019
   1.607
  -1.383
   0.403
   1.193
 -0.7717
   1.577
 -0.7678
   1.394
 -0.6464
  -1.816
   1.391
 -0.6177
 -0.4806
 -0.5342
  -1.318
-0.01235
 -0.8429
 -0.5961
  -1.256
  0.6987
    -1.6
   1.829
  0.8468
    -1.2
  0.5116
 -0.3441
   1.161
 0.00995
   1.199
 -0.3955
   0.284
   1.272
  0.8946
  0.3881
  0.4314
  0.7513
 -0.1089
  0.5719
  -1.687
 -0.1629
  0.3234
 -0.2352
  0.3339
  0.9973
   1.272
 -0.1178
   0.185
 -0.2521
 -0.4072
 -0.7399
 -0.1855
 -0.9079
   1.339
   1.353
  0.5738
  0.4972
   1.593
  0.6602
  -1.033
   1.312
  0.1724
  -1.206
   0.428
  0.8034
   1.111
  -1.061
  0.5914
-0.01115
 -0.4531
  -0.245
   1.493
  0.9526
  0.1523
 -0.1182
   1.934
 0.02792
-0.03217
  0.2266
 -0.4159
   1.396
   1.237
 -0.6757
  0.2718
  -1.617
 -0.9664
  0.3233
   1.211
 -0.5031
  0.5515
  0.2282
   1.393
  0.3167
  0.8572
 -0.4464
   1.212
  -0.216
   1.165
  -1.059
 -0.4561
  -2.192
  -1.113
   1.603
 0.06128
 -0.9022
  0.6159
  -2.484
  0.6349
   1.311
  0.2847
   0.853
 -0.3646
  -1.295
  0.4211
  0.6378
   1.113
  -1.474
-0.05528
  -1.152
  -1.647
   1.547
  0.8521
   2.051
  0.5822
 -0.5849
 -0.1787
 -0.9085
  0.9862
 -0.2697
  0.3696
  -1.118
   1.566
  -1.619
  0.7006
  0.4528
 0.09682
  0.6544
  0.9438
 -0.8808
 -0.8369
 -0.7117
  0.4234
   1.162
-0.06449
  0.7749
 -0.8802
 -0.4774
 -0.2458
 0.08761
  -1.495
 -0.5057
 -0.7056
  0.8121
 -0.4103
  0.3661
  0.1568
   0.431
   2.201
 -0.7074
 -0.1464
  -1.714
   -1.19
  0.4649
  0.9018
  0.4638
  -1.111
 -0.9245
 -0.8283
  -2.478
  -1.886
 -0.8025
   1.339
 -0.6115
-0.09894
  -1.074
  -1.357
 -0.5618
   1.429
 -0.4305
 -0.3017
  0.3306
 -0.4527
  0.9011
  -0.666
 -0.7352
  0.4596
   1.682
 0.007059
   1.783
  0.2731
  0.2603
 -0.6212
   2.126
  0.2571
  0.2145
  0.9741
  0.9644
   -1.87
-0.06544
  -0.806
  0.3219
   1.864
   0.115
  -0.436
  -1.201
 -0.2739
 -0.1621
 0.04949
  0.4595
 -0.5232
 0.01962
-0.09555
 -0.6892
  0.4738
   -0.39
  -1.349
 -0.8147
   0.657
  -1.653
 -0.3897
  0.7045
 -0.5069
    1.35
   1.151
  0.3528
   1.175
  0.6971
  -1.311
   2.226
 0.09438
   1.552
 -0.3685
 -0.6887
  0.8902
 -0.1528
  0.0968
 -0.4546
   1.388
   1.093
   1.606
 -0.1636
-0.06913
  -1.257
 -0.8094
-0.02913
  0.1412
  -1.696
 -0.3397
 -0.3183
 -0.2817
  -2.471
  -1.374
  0.1796
  -1.585
  -1.621
  0.3835
-0.05114
 -0.8835
   1.234
  -0.777
 -0.0677
   1.772
 -0.6219
   1.081
   0.049
  -0.148
 -0.1647
 -0.8137
 -0.1793
  -1.001
 -0.2985
  0.5488
  0.5872
 0.00912
-0.08247
  0.6252
   1.813
  0.2677
  -2.406
 0.06528
 -0.6655
  0.7828
   2.094
   1.286
   1.776
  0.1545
  0.1674
  0.6169
  0.1306
    0.43
 -0.4876
  0.1343
  -1.004
-0.09788
  0.5475
   2.115
 0.01236
  -1.076
 -0.4294
  -1.126
 -0.3098
  0.5472
  -1.078
  -1.344
  -0.265
 -0.2542
   1.387
  -1.034
 -0.4545
  0.9122
  0.4926
 0.02722
 -0.1564
  -1.568
 -0.5998
 -0.6013
  -1.052
   0.033
  0.9042
 -0.8574
  0.8346
 -0.1802
 -0.5058
 -0.8104
-0.02294
  -1.629
 -0.3558
  0.6611
  0.6367
  -1.705
  -1.041
 0.08515
  -1.375
  0.2319
  -1.431
  -1.339
 -0.5701
   0.872
  -2.022
   0.019
   2.041
 -0.7043
  -0.453
  0.7967
 -0.5695
 -0.3123
 -0.6491
   1.012
 -0.3166
 -0.5584
   1.109
  -2.372
  -1.365
    1.37
   1.576
  0.6859
  0.6062
  0.1354
  0.7294
  0.6746
 -0.4216
   1.105
  0.6838
 -0.7165
   1.079
  0.4363
  0.4459
  0.7015
  0.4257
 -0.4205
   0.739
  0.3949
  0.9482
  0.2604
 0.02875
  0.3719
   1.515
 -0.1858
   1.602
  0.5685
 -0.6238
  -1.032
 -0.3603
  -1.725
 -0.3945
-0.002849
 -0.2953
 -0.7794
 0.08495
  0.7889
   1.195
  0.4384
   1.341
 -0.8649
 -0.9721
 0.06387
  0.2708
 -0.7387
  -1.073
  -0.134
 -0.6878
  0.1777
  -1.105
  0.7988
  0.3504
   1.761
  0.6485
 -0.6818
-0.07903
  0.2914
-0.04939
  0.4135
  -1.252
  -1.783
   1.163
  0.7347
-0.09991
  -0.235
  -2.151
   0.534
   1.162
  0.9184
  -1.585
 -0.2912
    0.39
 -0.7217
   -1.54
 -0.3827
  0.1047
 -0.4138
   2.126
   0.408
  -1.051
  0.5776
    1.63
   1.113
 -0.5463
 -0.2276
  -1.001
  -1.459
  -0.435
  0.3208
 -0.6221
  0.7621
  0.4467
   1.545
  0.2016
  0.6165
   2.404
 -0.2027
  0.7204
 0.08654
   0.678
 -0.5709
  0.7591
 -0.6252
   2.436
  -2.074
-0.006809
 -0.2253
  -1.032
  0.3683
  -1.527
   0.154
  0.7428
  -0.331
   0.793
 -0.6353
    1.67
 -0.7401
   1.185
  0.6705
  0.3291
  0.3202
  0.1416
   1.672
  0.1486
  -0.327
 0.01345
  0.1729
  0.8976
 -0.3634
  -1.656
  0.4841
 -0.9148
 -0.4862
 -0.1324
   0.404
  0.7558
 -0.7762
  0.4981
    0.83
   1.939
 -0.9124
 -0.3854
   1.393
  0.6475
  0.7986
 0.05319
   1.121
 -0.3272
  0.1325
   1.752
  0.2868
   -1.68
   2.033
  -1.298
   1.607
 -0.5457
  0.2524
  -1.249
 -0.4732
 -0.3586
 -0.5252
  -0.824
 -0.6889
  0.8068
  -2.786
  0.4577
   1.725
   0.672
 -0.7889
 -0.1356
   1.102
  0.4154
  0.5401
 -0.3214
  0.4834
   1.114
    1.06
   1.589
 -0.2887
 -0.4531
  0.3164
  0.6455
   1.104
   -1.43
   1.209
  0.1622
  -1.761
 -0.1133
   0.172
 -0.5159
  0.7466
  -1.028
 -0.1512
  0.1391
   2.805
  0.5735
  -1.259
   1.338
   1.132
  -1.166
  -1.133
   1.071
    2.24
   2.017
 -0.8388
 -0.8135
 -0.8303
   1.844
  -1.704
  -1.735
   1.517
  0.6672
  -1.006
 -0.6696
   1.193
  0.1619
  0.5008
  -1.584
  0.4308
   0.713
   1.336
  0.6761
 -0.1097
  0.6226
   1.389
  0.2077
 -0.1621
   1.144
  -1.132
 -0.4675
-0.06523
  0.1771
  0.1934
  0.2188
 -0.3172
-0.01575
 -0.1352
    0.49
  -0.758
  -1.443
   0.225
 -0.2289
 -0.7702
   1.072
  0.6284
  0.1699
  0.8419
   1.033
 -0.5997
   1.379
  0.1789
 0.06242
 0.01043
-0.02566
 -0.3067
  -1.421
 -0.4707
  0.9813
 -0.7519
   0.189
 -0.2348
 -0.7093
 -0.5546
 -0.7657
-0.08852
   1.325
  -0.415
     0.6
  0.5169
  0.7539
   1.651
 -0.7548
  0.7116
 -0.4299
 -0.2879
   1.107
-0.05944
  0.3526
   1.685
  0.6635
  -2.193
  -2.233
   0.115
   1.014
  -1.879
   0.801
 -0.4366
  -0.153
 -0.6233
  -0.175
 -0.8831
   1.218
  0.7806
  0.9075
   1.014
 -0.2396
 -0.1754
  0.9314
 0.05621
 -0.1127
 -0.2417
  0.3794
  -0.914
 -0.1769
 -0.1776
  -1.335
 -0.7455
  -1.403
  -1.903
  -1.485
   1.782
   1.132
  0.8561
 -0.3678
  -1.406
 -0.4592
   2.114
 -0.4733
 0.05624
  0.4378
 -0.6401
 0.06859
  -2.134
 -0.4279
 -0.3637
  0.8925
   1.478
 -0.9713
 -0.9567
  0.9555
 -0.8003
  0.3754
  -1.622
  0.2933
   1.234
  -1.038
  -1.462
  0.9212
 -0.5209
   2.754
   1.134
 -0.2832
  -1.474
   -1.33
  0.6068
  0.9668
 -0.8265
   2.241
 -0.2694
  0.1093
  0.2027
   1.283
-0.06707
  0.7343
  -1.258
  0.2594
 -0.2149
 -0.5455
 -0.9829
 -0.9097
 -0.4323
 -0.3533
 -0.4464
-0.09729
  -1.192
  -0.132
  -1.987
  0.3953
  0.2418
   1.067
   1.182
  0.9377
 -0.1423
 -0.2815
 -0.1867
   1.741
   1.567
-0.01171
  -1.683
  -1.091
   1.788
  0.6646
  -1.906
   1.703
   1.062
  -1.702
   1.213
   0.991
  -2.692
 -0.2836
 -0.1293
 -0.9392
 -0.7645
   1.086
  0.5736
   1.251
   1.203
   1.233
  -1.982
   1.525
 -0.1696
  0.3091
 -0.2651
   0.544
 -0.1657
   2.644
 -0.4817
  0.6789
 -0.8351
-0.03404
 -0.3891
  0.5832
  -2.347
 -0.7742
   1.153
  -1.752
   2.275
  -1.132
   -1.84
   1.103
 -0.1898
  -0.215
-0.01642
  -1.027
  0.1282
  0.5901
   1.371
  -1.827
  -1.359
  0.3865
  0.5322
 -0.4051
  -1.632
   2.499
   1.477
  -1.804
  -2.774
  0.7985
   1.081
  0.5704
 -0.1298
  -2.022
   1.789
 -0.4742
   2.456
  0.2249
   1.453
   1.263
 -0.7721
    -3.9
  0.3506
  0.8803
 -0.6446
   1.268
  0.2393
  -0.165
  0.3639
-0.03438
 -0.5506
 -0.1242
  -1.963
  0.7534
 -0.1391
   -2.21
 0.09387
   -0.26
  0.9521
  0.1769
  -1.343
  0.1976
   0.655
  -1.368
 -0.2266
 0.07743
  0.1994
  -1.359
  0.1406
  0.6479
-0.06301
 -0.5255
  0.1156
  0.2223
 -0.6783
 -0.3595
 0.04368
  0.4155
 -0.4785
 -0.9212
-0.04371
  0.1738
-0.07323
 -0.9603
  0.2786
 -0.2735
  -2.032
   1.288
  0.4257
   0.609
 -0.4844
  0.5064
  0.2128
   1.299
  0.7097
  -1.244
 -0.6158
   2.077
 -0.7428
  0.8639
  0.6784
   2.053
  0.1519
   1.256
  -1.526
-0.02289
  -1.607
   1.621
  0.2514
 -0.3335
-0.03853
 -0.6216
 -0.4408
-0.09081
   1.787
 -0.2901
  0.5348
  0.5126
  0.8266
   1.883
    1.04
  -1.208
 -0.2319
  -1.968
  -1.479
  -0.386
 -0.6486
  0.1017
 0.06832
   1.488
  0.8107
 -0.6059
  0.5994
